1
2
2
5
3
3
4
5
9
6
6
8
12
10
10
11
11
12
13
13
13
14
15
15
16
19
17
18
18
19
19
19
20
21
21
22
23
23
23
24
25
26
26
27
28
28
28
29
30
30
30
35
32
33
33
34
34
35
35
36
36
38
37
37
38
39
39
39
40
41
41
42
43
42
43
43
44
44
38
45
46
41
47
47
41
48
48
49
49
41
41
46
42
42
46
42
42
43
43
47
44
44
49
45
45
45
46
45
47
47
46
46
53
47
48
49
49
51
50
49
50
50
51
52
56
53
55
53
53
53
56
54
54
55
55
58
56
60
56
57
58
59
58
58
60
59
61
61
61
61
61
63
62
62
63
64
67
64
68
65
65
66
66
70
67
67
67
69
68
68
69
75
74
70
71
71
71
71
73
72
72
74
73
73
73
82
74
75
76
76
76
77
77
79
79
79
78
82
95
80
80
80
80
102
95
83
83
87
88
88
88
86
91
89
91
114
139
127
118
115
116
121
93
146
145
121
119
129
90
162
91
100
91
96
92
125
92
95
92
99
209
94
133
93
127
161
127
103
117
115
164
148
134
99
101
135
99
102
148
102
102
104
108
106
111
145
103
105
141
104
108
142
136
108
109
168
143
109
112
112
130
111
110
109
108
112
114
112
151
118
116
116
130
112
113
114
161
164
119
119
160
166
125
128
133
131
135
135
134
189
139
133
132
131
129
126
123
127
165
126
124
135
125
123
128
128
126
126
128
142
128
129
135
130
131
130
131
197
133
134
136
183
135
136
193
142
189
139
140
141
141
146
140
184
206
145
138
141
143
141
139
188
139
138
141
139
139
144
139
140
140
143
142
144
148
144
151
146
144
144
149
144
144
151
145
146
152
145
146
173
149
152
158
148
173
157
155
151
154
152
156
154
167
158
154
155
157
157
159
