2
3
4
6
8
10
13
16
20
30
30
36
43
49
55
61
68
75
83
91
99
108
117
145
136
152
160
168
179
190
203
214
229
242
255
270
282
300
323
330
345
359
378
396
412
430
445
480
486
506
524
547
561
582
607
621
645
665
690
721
735
758
781
800
834
850
874
902
927
945
972
1000
1055
1049
1077
1109
1131
1164
1180
1207
1243
1274
1307
1324
1315
1388
1421
1450
1475
1509
1333
1558
1412
1429
1442
1509
1490
1529
1550
1572
1629
1628
1671
1688
1728
1756
1768
1795
1823
1848
1872
1901
1932
1957
1994
2024
2070
2095
2133
2165
2314
2236
2275
2404
2359
2479
2430
2460
2504
2539
2584
2619
2654
2693
2768
2786
2814
2874
2898
2942
2976
3050
3064
3109
3167
3208
3263
3329
3323
3368
3413
3457
3505
3546
3594
3635
3744
3746
3778
3897
3932
3979
3987
4090
4111
4150
4193
4292
4297
4330
4391
4439
4487
4517
4589
4657
4672
4786
4828
4844
4916
5017
5011
5079
5130
5362
5217
5282
5352
5408
5467
5507
5594
5652
5705
5731
5809
5855
5908
6063
6028
6119
6164
6283
6353
6683
6427
6473
6573
6620
6690
6727
6841
6914
6941
7568
7651
8575
8182
8407
7783
7984
8136
9809
11320
9337
9163
8544
8828
8251
8197
8990
8168
8931
8278
9228
8421
9160
8627
10323
9421
9198
9664
9399
9909
9897
9589
9444
9386
9571
9615
10006
10526
10557
10645
10499
10180
11177
10854
10101
11300
10278
11594
12546
11730
11195
11235
11216
11205
11511
11864
12303
11441
11833
12189
11979
11874
12039
12116
11976
13732
12140
11977
12044
12113
12197
12775
12413
12759
12643
12944
12719
12792
12857
12956
13083
13253
14804
14364
13801
16040
14990
14933
14838
15192
15446
16349
15891
16051
16799
16752
16251
16225
16054
15851
15648
15448
15148
15238
15368
15372
15432
15699
15659
16119
15871
16847
16086
16077
16193
16355
16589
16777
16926
17228
16841
17624
17967
18063
17739
17687
20912
17799
18043
19159
19420
19427
18605
18932
19262
19562
20516
21175
20885
22680
21330
19177
20269
21381
19502
19331
21086
19577
19687
19855
20013
20142
20291
20286
20443
20595
20577
20785
20792
21208
21138
25081
21593
21359
21470
21978
21742
21787
22104
21932
22196
22539
22415
22507
22944
22627
22766
23433
23010
23203
23911
23667
23528
23869
23709
24262
24000
24178
24800
24328
24466
24759
24728
24937
